MEME version 4.4

ALPHABET= ACGT

strands: + -

Background letter frequencies (from uniform background):
A 0.25000 C 0.25000 G 0.25000 T 0.25000 

MOTIF TFAP2E__Tcfap2a_2337 

letter-probability matrix: alength= 4 w= 10 nsites= 1 E= 0
  0.119865	  0.435445	  0.349453	  0.095237	
  0.001376	  0.943092	  0.000431	  0.055101	
  0.022180	  0.651437	  0.024759	  0.301624	
  0.092250	  0.229178	  0.248265	  0.430307	
  0.201830	  0.329451	  0.336106	  0.132612	
  0.385087	  0.191229	  0.377462	  0.046223	
  0.108046	  0.000324	  0.891193	  0.000437	
  0.000929	  0.000370	  0.989147	  0.009553	
  0.024942	  0.669524	  0.193750	  0.111784	
  0.342181	  0.102037	  0.335405	  0.220377	

MOTIF TFAP2E__Tcfap2b_3988 

letter-probability matrix: alength= 4 w= 10 nsites= 2 E= 0
  0.163199	  0.129667	  0.108307	  0.598826	
  0.203446	  0.349115	  0.246017	  0.201422	
  0.000632	  0.160850	  0.323913	  0.514605	
  0.000019	  0.415089	  0.000004	  0.584887	
  0.000213	  0.948115	  0.000023	  0.051649	
  0.020037	  0.286458	  0.155647	  0.537857	
  0.106547	  0.394882	  0.390953	  0.107618	
  0.565281	  0.177208	  0.234469	  0.023042	
  0.009978	  0.000009	  0.089159	  0.900854	
  0.000041	  0.000013	  0.340065	  0.659882	

MOTIF TFAP2E__Tcfap2c_2912 

letter-probability matrix: alength= 4 w= 10 nsites= 1 E= 0
  0.194725	  0.400049	  0.150143	  0.255083	
  0.089600	  0.325498	  0.526030	  0.058872	
  0.000086	  0.989917	  0.000244	  0.009753	
  0.001248	  0.813717	  0.012325	  0.172710	
  0.070689	  0.449572	  0.225494	  0.254244	
  0.114154	  0.272476	  0.444767	  0.168603	
  0.586691	  0.182089	  0.161499	  0.069721	
  0.199175	  0.001924	  0.791701	  0.007201	
  0.019359	  0.000265	  0.975696	  0.004679	
  0.061747	  0.509308	  0.305837	  0.123107	

MOTIF TFAP2E__Tcfap2e_3713 

letter-probability matrix: alength= 4 w= 10 nsites= 1 E= 0
  0.213214	  0.176319	  0.135951	  0.474516	
  0.222124	  0.321576	  0.134725	  0.321576	
  0.004784	  0.213834	  0.753855	  0.027528	
  0.000431	  0.961004	  0.000168	  0.038397	
  0.000296	  0.937765	  0.000164	  0.061775	
  0.001274	  0.327763	  0.135950	  0.535013	
  0.122837	  0.314460	  0.391841	  0.170862	
  0.454990	  0.254748	  0.230506	  0.059756	
  0.118505	  0.001133	  0.841307	  0.039054	
  0.002871	  0.001657	  0.957955	  0.037517	

MOTIF ARID3B__pTH5117 

letter-probability matrix: alength= 4 w= 9 nsites= 1 E= 0
  0.291915	  0.144960	  0.227343	  0.335782	
  0.215882	  0.174991	  0.098962	  0.510165	
  0.132132	  0.113727	  0.093112	  0.661030	
  0.094298	  0.119876	  0.053328	  0.732498	
  0.424515	  0.033147	  0.376511	  0.165827	
  0.997838	  0.000417	  0.001241	  0.000504	
  0.000418	  0.000188	  0.000095	  0.999299	
  0.254836	  0.259984	  0.081501	  0.403679	
  0.327605	  0.204754	  0.270916	  0.196725	

MOTIF ARID3C__pTH9214 

letter-probability matrix: alength= 4 w= 9 nsites= 1 E= 0
  0.280526	  0.184318	  0.225127	  0.310029	
  0.226709	  0.176561	  0.107090	  0.489639	
  0.139203	  0.122233	  0.102098	  0.636466	
  0.115272	  0.102237	  0.056673	  0.725817	
  0.377683	  0.049110	  0.312329	  0.260879	
  0.967814	  0.010125	  0.010644	  0.011416	
  0.000386	  0.000207	  0.000101	  0.999306	
  0.294769	  0.222782	  0.115145	  0.367305	
  0.296025	  0.225979	  0.228250	  0.249746	

MOTIF ARID3C__pTH4425 

letter-probability matrix: alength= 4 w= 11 nsites= 1 E= 0
  0.467943	  0.177352	  0.177352	  0.177352	
  0.273411	  0.080067	  0.080067	  0.566454	
  0.609177	  0.119174	  0.033749	  0.237901	
  0.104443	  0.000141	  0.000141	  0.895276	
  0.000141	  0.000141	  0.000141	  0.999578	
  0.999578	  0.000141	  0.000141	  0.000141	
  0.910941	  0.000141	  0.000141	  0.088778	
  0.088778	  0.000141	  0.000141	  0.910941	
  0.261793	  0.167866	  0.072788	  0.497552	
  0.489780	  0.170073	  0.170073	  0.170073	
  0.350824	  0.216392	  0.216392	  0.216392	

MOTIF ARID3C__Arid3a_3875 

letter-probability matrix: alength= 4 w= 9 nsites= 1 E= 0
  0.265180	  0.185010	  0.202433	  0.347377	
  0.185396	  0.187259	  0.108039	  0.519306	
  0.151265	  0.141039	  0.100387	  0.607308	
  0.095920	  0.138866	  0.056459	  0.708755	
  0.354424	  0.113351	  0.333784	  0.198441	
  0.739186	  0.094212	  0.057143	  0.109459	
  0.023279	  0.024473	  0.020037	  0.932211	
  0.285933	  0.246105	  0.089636	  0.378326	
  0.254088	  0.232219	  0.267115	  0.246578	

MOTIF ARID3C__pTH5169 

letter-probability matrix: alength= 4 w= 9 nsites= 1 E= 0
  0.287207	  0.137030	  0.210651	  0.365112	
  0.219872	  0.145918	  0.076942	  0.557268	
  0.118816	  0.076522	  0.071348	  0.733314	
  0.070682	  0.082120	  0.060231	  0.786967	
  0.408983	  0.039396	  0.306027	  0.245593	
  0.964659	  0.012327	  0.013221	  0.009794	
  0.000826	  0.017434	  0.000894	  0.980846	
  0.322598	  0.238987	  0.092426	  0.345989	
  0.300945	  0.229735	  0.199722	  0.269597	

MOTIF ARID5A__pTH4426 

letter-probability matrix: alength= 4 w= 8 nsites= 1 E= 0
  0.211233	  0.302766	  0.189230	  0.296771	
  0.227631	  0.246590	  0.319810	  0.205969	
  0.415268	  0.085535	  0.310730	  0.188467	
  0.253025	  0.128187	  0.077749	  0.541038	
  0.862146	  0.016600	  0.062142	  0.059111	
  0.095418	  0.001646	  0.067240	  0.835696	
  0.204269	  0.230313	  0.067995	  0.497422	
  0.279564	  0.198985	  0.305892	  0.215558	

MOTIF ARID5A__Arid5a_3770 

letter-probability matrix: alength= 4 w= 11 nsites= 1 E= 0
  0.226414	  0.226414	  0.320759	  0.226414	
  0.368385	  0.176936	  0.277743	  0.176936	
  0.257042	  0.149621	  0.051093	  0.542245	
  0.902432	  0.000155	  0.097259	  0.000155	
  0.999535	  0.000155	  0.000155	  0.000155	
  0.000155	  0.000155	  0.000155	  0.999535	
  0.999535	  0.000155	  0.000155	  0.000155	
  0.000155	  0.000155	  0.000155	  0.999535	
  0.023741	  0.023741	  0.023741	  0.928776	
  0.177718	  0.073219	  0.466267	  0.282795	
  0.301956	  0.199062	  0.199062	  0.299920	

MOTIF ARID3C__pTH9384 

letter-probability matrix: alength= 4 w= 9 nsites= 1 E= 0
  0.252147	  0.208515	  0.237463	  0.301875	
  0.224942	  0.238851	  0.146327	  0.389881	
  0.172090	  0.177331	  0.163697	  0.486881	
  0.160789	  0.162405	  0.109957	  0.566849	
  0.331941	  0.110494	  0.318925	  0.238640	
  0.779062	  0.073559	  0.109737	  0.037641	
  0.032265	  0.106057	  0.021199	  0.840479	
  0.283413	  0.236726	  0.157103	  0.322758	
  0.260040	  0.257453	  0.240047	  0.242460	

MOTIF ARID5A__pTH5121 

letter-probability matrix: alength= 4 w= 10 nsites= 1 E= 0
  0.229320	  0.255984	  0.250916	  0.263780	
  0.194317	  0.317186	  0.177592	  0.310905	
  0.229015	  0.255644	  0.331553	  0.183789	
  0.525746	  0.074800	  0.294364	  0.105090	
  0.330068	  0.122646	  0.088173	  0.459114	
  0.930616	  0.000580	  0.049198	  0.019606	
  0.034070	  0.021942	  0.020255	  0.923732	
  0.151462	  0.217095	  0.053002	  0.578440	
  0.292785	  0.179368	  0.323578	  0.204269	
  0.247457	  0.254993	  0.242557	  0.254993	

MOTIF ARID3C__pTH5119 

letter-probability matrix: alength= 4 w= 8 nsites= 1 E= 0
  0.228748	  0.221987	  0.148803	  0.400462	
  0.182465	  0.170129	  0.146431	  0.500975	
  0.138322	  0.188592	  0.071492	  0.601595	
  0.336065	  0.060178	  0.422972	  0.180785	
  0.973889	  0.000879	  0.022006	  0.003226	
  0.045194	  0.000361	  0.000150	  0.954295	
  0.278506	  0.244555	  0.112105	  0.364833	
  0.300420	  0.203401	  0.269126	  0.227052	

MOTIF ARID3C__pTH5118 

letter-probability matrix: alength= 4 w= 8 nsites= 1 E= 0
  0.198827	  0.235670	  0.148775	  0.416728	
  0.162360	  0.175883	  0.159145	  0.502612	
  0.174479	  0.162683	  0.100666	  0.562171	
  0.409838	  0.088745	  0.309749	  0.191668	
  0.912942	  0.000248	  0.035046	  0.051763	
  0.057276	  0.000593	  0.000249	  0.941882	
  0.240120	  0.254968	  0.196593	  0.308320	
  0.268348	  0.215355	  0.271045	  0.245252	

MOTIF TWIST2__pTH5033 

letter-probability matrix: alength= 4 w= 10 nsites= 1 E= 0
  0.301828	  0.199871	  0.298430	  0.199871	
  0.282456	  0.579511	  0.069016	  0.069016	
  0.000139	  0.999582	  0.000139	  0.000139	
  0.999582	  0.000139	  0.000139	  0.000139	
  0.000139	  0.217001	  0.000139	  0.782721	
  0.789108	  0.000139	  0.210614	  0.000139	
  0.000139	  0.000139	  0.000139	  0.999582	
  0.000139	  0.000139	  0.999582	  0.000139	
  0.050268	  0.050268	  0.154736	  0.744728	
  0.181123	  0.181123	  0.272271	  0.365483	

MOTIF ASCL2__Ascl2_2654 

letter-probability matrix: alength= 4 w= 10 nsites= 1 E= 0
  0.315548	  0.181281	  0.304970	  0.198202	
  0.342567	  0.215650	  0.329097	  0.112687	
  0.036295	  0.956859	  0.000000	  0.006845	
  0.887444	  0.026036	  0.052040	  0.034479	
  0.022313	  0.233167	  0.582932	  0.161589	
  0.161589	  0.582932	  0.233167	  0.022313	
  0.034479	  0.052040	  0.026036	  0.887444	
  0.006845	  0.000000	  0.956859	  0.036295	
  0.112687	  0.329097	  0.215650	  0.342567	
  0.198202	  0.304970	  0.181281	  0.315548	

MOTIF HEYL__pTH5102 

letter-probability matrix: alength= 4 w= 9 nsites= 1 E= 0
  0.273740	  0.108005	  0.524360	  0.093895	
  0.020378	  0.967255	  0.002043	  0.010324	
  0.825043	  0.011652	  0.146267	  0.017038	
  0.012761	  0.903576	  0.029264	  0.054400	
  0.057275	  0.014848	  0.914033	  0.013844	
  0.026788	  0.158850	  0.011681	  0.802681	
  0.046020	  0.050354	  0.853272	  0.050354	
  0.189179	  0.219795	  0.217608	  0.373417	
  0.145701	  0.584966	  0.141394	  0.127939	

MOTIF ID1__pTH5068 

letter-probability matrix: alength= 4 w= 8 nsites= 1 E= 0
  0.181942	  0.272686	  0.045826	  0.499546	
  0.000344	  0.998967	  0.000344	  0.000344	
  0.999001	  0.000333	  0.000333	  0.000333	
  0.000333	  0.999001	  0.000333	  0.000333	
  0.000333	  0.000333	  0.999001	  0.000333	
  0.000333	  0.000333	  0.000333	  0.999001	
  0.000370	  0.000370	  0.998891	  0.000370	
  0.055987	  0.499446	  0.166851	  0.277716	

MOTIF HES4__pTH5059 

letter-probability matrix: alength= 4 w= 10 nsites= 1 E= 0
  0.200446	  0.198451	  0.383962	  0.217140	
  0.320634	  0.151457	  0.301962	  0.225947	
  0.168007	  0.661167	  0.112619	  0.058207	
  0.347853	  0.066805	  0.469552	  0.115790	
  0.025660	  0.768864	  0.040647	  0.164830	
  0.081856	  0.055978	  0.832942	  0.029223	
  0.082321	  0.141263	  0.033469	  0.742947	
  0.071071	  0.014206	  0.874529	  0.040193	
  0.095736	  0.396073	  0.299345	  0.208846	
  0.178062	  0.376958	  0.257787	  0.187192	

MOTIF TCF23__pTH5112 

letter-probability matrix: alength= 4 w= 10 nsites= 1 E= 0
  0.349915	  0.146774	  0.278558	  0.224752	
  0.357002	  0.417355	  0.173504	  0.052139	
  0.139509	  0.827857	  0.032001	  0.000633	
  0.724593	  0.000000	  0.227645	  0.047763	
  0.064454	  0.126184	  0.294078	  0.515285	
  0.515285	  0.294078	  0.126184	  0.064454	
  0.047763	  0.227645	  0.000000	  0.724593	
  0.000633	  0.032001	  0.827857	  0.139509	
  0.052139	  0.173504	  0.417355	  0.357002	
  0.224752	  0.278558	  0.146774	  0.349915	

MOTIF NPAS2__pTH5457 

letter-probability matrix: alength= 4 w= 10 nsites= 1 E= 0
  0.273313	  0.176530	  0.292754	  0.257403	
  0.154185	  0.377249	  0.420347	  0.048219	
  0.000226	  0.999321	  0.000226	  0.000226	
  0.999321	  0.000226	  0.000226	  0.000226	
  0.081100	  0.918447	  0.000226	  0.000226	
  0.081100	  0.000226	  0.918447	  0.000226	
  0.000226	  0.000226	  0.000226	  0.999321	
  0.081100	  0.000226	  0.918447	  0.000226	
  0.073697	  0.172181	  0.187665	  0.566457	
  0.297058	  0.298928	  0.202007	  0.202007	

MOTIF SOHLH2__pTH5058 

letter-probability matrix: alength= 4 w= 10 nsites= 1 E= 0
  0.314175	  0.219192	  0.249622	  0.217011	
  0.209218	  0.174753	  0.434144	  0.181885	
  0.159171	  0.387601	  0.102512	  0.350716	
  0.253998	  0.378920	  0.186294	  0.180788	
  0.131112	  0.769738	  0.026471	  0.072679	
  0.075648	  0.029847	  0.894341	  0.000165	
  0.109744	  0.024733	  0.070679	  0.794844	
  0.000431	  0.092665	  0.896940	  0.009964	
  0.171237	  0.574240	  0.137421	  0.117102	
  0.291434	  0.191486	  0.303328	  0.213752	

MOTIF HES4__pTH5259 

letter-probability matrix: alength= 4 w= 13 nsites= 1 E= 0
  0.167232	  0.167232	  0.427986	  0.237549	
  0.072810	  0.711254	  0.072810	  0.143126	
  0.841245	  0.052918	  0.052918	  0.052918	
  0.052918	  0.770928	  0.052918	  0.123235	
  0.035911	  0.035911	  0.753921	  0.174257	
  0.000158	  0.069555	  0.000158	  0.930129	
  0.000158	  0.000158	  0.718168	  0.281517	
  0.000158	  0.396723	  0.000158	  0.602961	
  0.082925	  0.681827	  0.152323	  0.082925	
  0.177348	  0.244578	  0.332697	  0.245377	
  0.264469	  0.197239	  0.197239	  0.341052	
  0.264469	  0.197239	  0.197239	  0.341052	
  0.357260	  0.214247	  0.214247	  0.214247	

MOTIF NPAS2__pTH5056 

letter-probability matrix: alength= 4 w= 10 nsites= 1 E= 0
  0.239964	  0.200309	  0.336557	  0.223170	
  0.293276	  0.320740	  0.252774	  0.133210	
  0.162184	  0.774560	  0.028113	  0.035143	
  0.713119	  0.054463	  0.173280	  0.059138	
  0.027939	  0.674387	  0.047681	  0.249993	
  0.249993	  0.047681	  0.674387	  0.027939	
  0.059138	  0.173280	  0.054463	  0.713119	
  0.035143	  0.028113	  0.774560	  0.162184	
  0.133210	  0.252774	  0.320740	  0.293276	
  0.223170	  0.336557	  0.200309	  0.239964	

MOTIF MLXIP__pTH5466 

letter-probability matrix: alength= 4 w= 8 nsites= 1 E= 0
  0.053046	  0.263130	  0.420693	  0.263130	
  0.000399	  0.998802	  0.000399	  0.000399	
  0.998802	  0.000399	  0.000399	  0.000399	
  0.000399	  0.998802	  0.000399	  0.000399	
  0.000399	  0.000399	  0.998802	  0.000399	
  0.000399	  0.000399	  0.000399	  0.998802	
  0.000399	  0.000399	  0.998802	  0.000399	
  0.187656	  0.062968	  0.250000	  0.499377	

MOTIF TCFL5__pTH4576 

letter-probability matrix: alength= 4 w= 10 nsites= 1 E= 0
  0.263325	  0.202596	  0.307948	  0.226130	
  0.113138	  0.226680	  0.364435	  0.295747	
  0.058154	  0.874211	  0.016939	  0.050696	
  0.372199	  0.064471	  0.336403	  0.226927	
  0.006221	  0.903915	  0.018504	  0.071360	
  0.071360	  0.018504	  0.903915	  0.006221	
  0.226927	  0.336403	  0.064471	  0.372199	
  0.050696	  0.016939	  0.874211	  0.058154	
  0.295747	  0.364435	  0.226680	  0.113138	
  0.226130	  0.307948	  0.202596	  0.263325	

MOTIF TCF23__pTH5087 

letter-probability matrix: alength= 4 w= 9 nsites= 1 E= 0
  0.497525	  0.497525	  0.002475	  0.002475	
  0.001244	  0.996269	  0.001244	  0.001244	
  0.996269	  0.001244	  0.001244	  0.001244	
  0.001244	  0.001244	  0.374378	  0.623134	
  0.623134	  0.374378	  0.001244	  0.001244	
  0.001244	  0.001244	  0.001244	  0.996269	
  0.001244	  0.001244	  0.996269	  0.001244	
  0.001244	  0.001244	  0.250000	  0.747512	
  0.002475	  0.250000	  0.002475	  0.745050	

MOTIF NHLH2__pTH3037 

letter-probability matrix: alength= 4 w= 10 nsites= 1 E= 0
  0.282767	  0.305521	  0.171954	  0.239759	
  0.037628	  0.037628	  0.674128	  0.250617	
  0.000178	  0.862732	  0.000178	  0.136912	
  0.930537	  0.000178	  0.069106	  0.000178	
  0.071132	  0.077413	  0.714543	  0.136912	
  0.145218	  0.714543	  0.069106	  0.071132	
  0.000178	  0.067984	  0.000178	  0.931660	
  0.077413	  0.000178	  0.922231	  0.000178	
  0.152455	  0.301874	  0.078225	  0.467447	
  0.281479	  0.212551	  0.293420	  0.212551	

MOTIF NEUROG1__pTH5270 

letter-probability matrix: alength= 4 w= 10 nsites= 1 E= 0
  0.424799	  0.113479	  0.235478	  0.226244	
  0.169637	  0.592091	  0.171342	  0.066931	
  0.271365	  0.687777	  0.026936	  0.013922	
  0.665113	  0.034812	  0.186785	  0.113291	
  0.001368	  0.064301	  0.143105	  0.791225	
  0.793894	  0.140745	  0.056090	  0.009272	
  0.075714	  0.150952	  0.010559	  0.762775	
  0.011683	  0.000903	  0.869711	  0.117703	
  0.038634	  0.150525	  0.421629	  0.389213	
  0.091763	  0.270213	  0.234912	  0.403111	

MOTIF ARNTL2__pTH5064 

letter-probability matrix: alength= 4 w= 10 nsites= 1 E= 0
  0.268222	  0.145739	  0.330899	  0.255140	
  0.048139	  0.938317	  0.004113	  0.009432	
  0.836649	  0.051388	  0.057940	  0.054023	
  0.003103	  0.946167	  0.002671	  0.048059	
  0.023621	  0.009414	  0.965026	  0.001939	
  0.020690	  0.010172	  0.016113	  0.953025	
  0.000083	  0.000037	  0.997148	  0.002732	
  0.751513	  0.142892	  0.043908	  0.061688	
  0.071163	  0.558342	  0.124583	  0.245912	
  0.258571	  0.261169	  0.229332	  0.250929	

MOTIF ATOH7__pTH5074 

letter-probability matrix: alength= 4 w= 10 nsites= 1 E= 0
  0.294121	  0.202526	  0.300826	  0.202526	
  0.303479	  0.500296	  0.098113	  0.098113	
  0.000005	  0.483784	  0.000005	  0.516206	
  0.483784	  0.000005	  0.000005	  0.516206	
  0.000011	  0.000011	  0.087923	  0.912055	
  0.441252	  0.042537	  0.000005	  0.516206	
  0.000011	  0.000011	  0.000011	  0.999968	
  0.000005	  0.000005	  0.483784	  0.516206	
  0.047484	  0.118649	  0.168178	  0.665688	
  0.151898	  0.243456	  0.221525	  0.383121	

MOTIF CREB5__pTH5083 

letter-probability matrix: alength= 4 w= 10 nsites= 1 E= 0
  0.291870	  0.184253	  0.277636	  0.246241	
  0.530199	  0.133387	  0.274034	  0.062380	
  0.035631	  0.062379	  0.001238	  0.900752	
  0.073796	  0.082377	  0.556301	  0.287525	
  0.757933	  0.025806	  0.125285	  0.090976	
  0.084682	  0.638364	  0.084682	  0.192271	
  0.156906	  0.065082	  0.710273	  0.067738	
  0.117142	  0.166233	  0.068950	  0.647675	
  0.368627	  0.407396	  0.102492	  0.121484	
  0.489340	  0.124345	  0.187365	  0.198951	

MOTIF CREB3L2__pTH5024 

letter-probability matrix: alength= 4 w= 9 nsites= 1 E= 0
  0.002606	  0.002606	  0.784263	  0.210526	
  0.250000	  0.623134	  0.001244	  0.125622	
  0.001244	  0.871891	  0.125622	  0.001244	
  0.996269	  0.001244	  0.001244	  0.001244	
  0.001244	  0.996269	  0.001244	  0.001244	
  0.001244	  0.001244	  0.996269	  0.001244	
  0.001244	  0.001244	  0.001244	  0.996269	
  0.001420	  0.143466	  0.853693	  0.001420	
  0.250000	  0.002475	  0.250000	  0.497525	

MOTIF CREB5__pTH5081 

letter-probability matrix: alength= 4 w= 10 nsites= 1 E= 0
  0.260002	  0.181397	  0.311279	  0.247322	
  0.577516	  0.121357	  0.289668	  0.011459	
  0.000019	  0.055723	  0.000006	  0.944252	
  0.074595	  0.061073	  0.579449	  0.284883	
  0.852748	  0.005980	  0.140958	  0.000313	
  0.000066	  0.834717	  0.000028	  0.165189	
  0.169554	  0.075428	  0.694486	  0.060532	
  0.133120	  0.126628	  0.087466	  0.652787	
  0.371994	  0.440927	  0.102399	  0.084680	
  0.527113	  0.119991	  0.170275	  0.182621	

MOTIF OSR1__Osr2_1727 

letter-probability matrix: alength= 4 w= 10 nsites= 1 E= 0
  0.262806	  0.184650	  0.201449	  0.351094	
  0.173312	  0.116217	  0.675756	  0.034714	
  0.013374	  0.942389	  0.000000	  0.044236	
  0.036161	  0.104554	  0.000001	  0.859283	
  0.677114	  0.090710	  0.028198	  0.203978	
  0.000004	  0.993136	  0.000189	  0.006671	
  0.000396	  0.513153	  0.000004	  0.486448	
  0.098002	  0.069838	  0.668656	  0.163505	
  0.203489	  0.147552	  0.205154	  0.443805	
  0.201232	  0.181878	  0.195525	  0.421366	

MOTIF KLF9__pTH2353 

letter-probability matrix: alength= 4 w= 8 nsites= 1 E= 0
  0.314286	  0.285714	  0.257143	  0.142857	
  0.018519	  0.018519	  0.018519	  0.944444	
  0.946429	  0.017857	  0.017857	  0.017857	
  0.875000	  0.017857	  0.089286	  0.017857	
  0.017857	  0.946429	  0.017857	  0.017857	
  0.017857	  0.017857	  0.946429	  0.017857	
  0.017857	  0.017857	  0.910714	  0.053571	
  0.201005	  0.226131	  0.201005	  0.371859	

MOTIF ZNF281__Zfp281_0973 

letter-probability matrix: alength= 4 w= 10 nsites= 1 E= 0
  0.173942	  0.560438	  0.130154	  0.135466	
  0.262060	  0.419294	  0.122557	  0.196090	
  0.449152	  0.053912	  0.154063	  0.342873	
  0.033246	  0.928851	  0.022964	  0.014939	
  0.026740	  0.959251	  0.007215	  0.006795	
  0.010142	  0.969428	  0.001386	  0.019043	
  0.019703	  0.954098	  0.008011	  0.018188	
  0.020851	  0.950881	  0.012030	  0.016239	
  0.361848	  0.403922	  0.056330	  0.177900	
  0.293413	  0.354809	  0.096697	  0.255081	

MOTIF OSR1__Osr1_3033 

letter-probability matrix: alength= 4 w= 9 nsites= 1 E= 0
  0.239345	  0.218745	  0.246634	  0.295275	
  0.191857	  0.178887	  0.532058	  0.097198	
  0.021077	  0.835642	  0.002359	  0.140921	
  0.032784	  0.170704	  0.000247	  0.796265	
  0.546729	  0.158215	  0.044432	  0.250624	
  0.007923	  0.906640	  0.002363	  0.083075	
  0.000350	  0.507322	  0.000000	  0.492328	
  0.126341	  0.131497	  0.544020	  0.198142	
  0.176151	  0.179710	  0.240169	  0.403971	

MOTIF ZBTB12__Zbtb12_2932 

letter-probability matrix: alength= 4 w= 10 nsites= 1 E= 0
  0.352227	  0.192887	  0.257398	  0.197488	
  0.109781	  0.285419	  0.118963	  0.485838	
  0.100269	  0.647173	  0.097506	  0.155052	
  0.082861	  0.111024	  0.093718	  0.712397	
  0.750784	  0.050006	  0.193201	  0.006009	
  0.006295	  0.000000	  0.986081	  0.007623	
  0.835675	  0.074952	  0.006126	  0.083246	
  0.759972	  0.056004	  0.064083	  0.119940	
  0.021291	  0.856228	  0.016490	  0.105991	
  0.309637	  0.255890	  0.247541	  0.186932	

MOTIF ZNF32__pTH3120 

letter-probability matrix: alength= 4 w= 9 nsites= 1 E= 0
  0.333333	  0.333333	  0.333333	  0.000000	
  0.628141	  0.125628	  0.125628	  0.120603	
  0.125628	  0.125628	  0.125628	  0.623116	
  0.502513	  0.125628	  0.251256	  0.120603	
  0.125628	  0.125628	  0.125628	  0.623116	
  0.628141	  0.125628	  0.125628	  0.120603	
  0.125628	  0.125628	  0.125628	  0.623116	
  0.502513	  0.125628	  0.251256	  0.120603	
  0.333333	  0.333333	  0.333333	  0.000000	

MOTIF CSDA__pTH8991 

letter-probability matrix: alength= 4 w= 9 nsites= 1 E= 0
  0.230911	  0.224086	  0.262968	  0.282035	
  0.269525	  0.209906	  0.264188	  0.256380	
  0.283198	  0.178778	  0.291823	  0.246201	
  0.153491	  0.064952	  0.745191	  0.036366	
  0.485724	  0.054907	  0.315968	  0.143400	
  0.185229	  0.092907	  0.000174	  0.721690	
  0.451981	  0.073969	  0.434259	  0.039791	
  0.183594	  0.056414	  0.557089	  0.202902	
  0.369364	  0.118130	  0.213105	  0.299401	

MOTIF LIN54__pTH8399 

letter-probability matrix: alength= 4 w= 8 nsites= 1 E= 0
  0.362822	  0.140318	  0.236019	  0.260841	
  0.142305	  0.151105	  0.111941	  0.594649	
  0.149465	  0.110726	  0.089753	  0.650057	
  0.072123	  0.522371	  0.085488	  0.320018	
  0.726622	  0.000422	  0.230075	  0.042880	
  0.798606	  0.038585	  0.035977	  0.126833	
  0.740348	  0.060167	  0.085381	  0.114105	
  0.290887	  0.247877	  0.105946	  0.355290	

MOTIF LIN54__pTH8566 

letter-probability matrix: alength= 4 w= 9 nsites= 1 E= 0
  0.349676	  0.158972	  0.248680	  0.242672	
  0.685347	  0.000206	  0.210663	  0.103784	
  0.000206	  0.000206	  0.000206	  0.999383	
  0.000206	  0.000206	  0.000206	  0.999383	
  0.000206	  0.561674	  0.000206	  0.437915	
  0.787598	  0.000206	  0.211990	  0.000206	
  0.999383	  0.000206	  0.000206	  0.000206	
  0.999383	  0.000206	  0.000206	  0.000206	
  0.285406	  0.211983	  0.091233	  0.411378	

MOTIF LIN54__pTH9366 

letter-probability matrix: alength= 4 w= 10 nsites= 1 E= 0
  0.411580	  0.201452	  0.173835	  0.213133	
  0.350115	  0.152248	  0.192609	  0.305028	
  0.209094	  0.107967	  0.086445	  0.596493	
  0.128158	  0.123651	  0.145366	  0.602825	
  0.172003	  0.279928	  0.079994	  0.468075	
  0.468075	  0.079994	  0.279928	  0.172003	
  0.602825	  0.145366	  0.123651	  0.128158	
  0.596493	  0.086445	  0.107967	  0.209094	
  0.305028	  0.192609	  0.152248	  0.350115	
  0.213133	  0.173835	  0.201452	  0.411580	

MOTIF CGBP__pTH7032 

letter-probability matrix: alength= 4 w= 7 nsites= 1 E= 0
  0.240571	  0.247897	  0.242988	  0.268544	
  0.231338	  0.263454	  0.205178	  0.300029	
  0.339485	  0.227563	  0.214311	  0.218641	
  0.123203	  0.315398	  0.377600	  0.183798	
  0.000638	  0.982581	  0.000001	  0.016780	
  0.022751	  0.000029	  0.977099	  0.000122	
  0.165154	  0.132540	  0.453448	  0.248858	

MOTIF KDM2B__pTH9191 

letter-probability matrix: alength= 4 w= 9 nsites= 1 E= 0
  0.245019	  0.247482	  0.255018	  0.252481	
  0.006978	  0.831056	  0.000758	  0.161208	
  0.135594	  0.045135	  0.699010	  0.120261	
  0.207289	  0.207289	  0.211476	  0.373946	
  0.438800	  0.133492	  0.203170	  0.224538	
  0.346191	  0.209975	  0.216370	  0.227464	
  0.270749	  0.247446	  0.221671	  0.260133	
  0.274484	  0.231573	  0.205386	  0.288557	
  0.281554	  0.235173	  0.225952	  0.257321	

MOTIF MLL__pTH7031 

letter-probability matrix: alength= 4 w= 10 nsites= 1 E= 0
  0.255050	  0.190845	  0.321006	  0.233098	
  0.295043	  0.239157	  0.307084	  0.158717	
  0.232323	  0.272634	  0.329682	  0.165361	
  0.275506	  0.167103	  0.440808	  0.116584	
  0.166251	  0.276857	  0.388969	  0.167922	
  0.008509	  0.907839	  0.064140	  0.019513	
  0.056470	  0.014207	  0.928630	  0.000693	
  0.265416	  0.194669	  0.228446	  0.311469	
  0.411622	  0.114446	  0.254705	  0.219227	
  0.348511	  0.224454	  0.211383	  0.215653	

MOTIF DNMT1__pTH7029 

letter-probability matrix: alength= 4 w= 10 nsites= 2 E= 0
  0.234138	  0.280314	  0.297648	  0.187900	
  0.223940	  0.268105	  0.305326	  0.202629	
  0.172639	  0.344193	  0.230720	  0.252448	
  0.274855	  0.274855	  0.248699	  0.201591	
  0.191374	  0.164717	  0.434514	  0.209396	
  0.000004	  0.140280	  0.000028	  0.859687	
  0.000302	  0.209062	  0.790471	  0.000166	
  0.040061	  0.139827	  0.773099	  0.047012	
  0.219725	  0.265703	  0.276546	  0.238026	
  0.306596	  0.201448	  0.309678	  0.182278	

MOTIF TET1__pTH9605 

letter-probability matrix: alength= 4 w= 9 nsites= 1 E= 0
  0.280309	  0.224953	  0.222715	  0.272024	
  0.246701	  0.234669	  0.208133	  0.310498	
  0.176211	  0.437766	  0.120504	  0.265518	
  0.354307	  0.157616	  0.372473	  0.115603	
  0.002282	  0.997172	  0.000000	  0.000546	
  0.061728	  0.000620	  0.909355	  0.028296	
  0.167484	  0.337271	  0.111151	  0.384094	
  0.254196	  0.168698	  0.170393	  0.406713	
  0.315980	  0.266581	  0.213936	  0.203503	

MOTIF DMRT3__pTH9188 

letter-probability matrix: alength= 4 w= 11 nsites= 1 E= 0
  0.314782	  0.228406	  0.228406	  0.228406	
  0.235926	  0.127374	  0.127374	  0.509326	
  0.096604	  0.096604	  0.188311	  0.618481	
  0.000170	  0.000170	  0.999489	  0.000170	
  0.694083	  0.104063	  0.000170	  0.201683	
  0.000170	  0.000170	  0.000170	  0.999489	
  0.999489	  0.000170	  0.000170	  0.000170	
  0.000170	  0.999489	  0.000170	  0.000170	
  0.850573	  0.021764	  0.021764	  0.105898	
  0.215757	  0.122796	  0.122796	  0.538650	
  0.153566	  0.153566	  0.240018	  0.452849	

MOTIF DMRT1__pTH9197 

letter-probability matrix: alength= 4 w= 10 nsites= 1 E= 0
  0.232350	  0.182773	  0.126247	  0.458630	
  0.241137	  0.241137	  0.195462	  0.322263	
  0.148476	  0.073731	  0.672112	  0.105681	
  0.384460	  0.265560	  0.047553	  0.302427	
  0.333476	  0.101450	  0.042080	  0.522994	
  0.877148	  0.031396	  0.040718	  0.050738	
  0.102670	  0.736217	  0.043014	  0.118099	
  0.615718	  0.058136	  0.062978	  0.263167	
  0.311535	  0.135845	  0.119285	  0.433336	
  0.258895	  0.127284	  0.142084	  0.471737	

MOTIF DMRT1__pTH9446 

letter-probability matrix: alength= 4 w= 8 nsites= 1 E= 0
  0.222345	  0.001106	  0.001106	  0.775442	
  0.091486	  0.091486	  0.000906	  0.816123	
  0.071937	  0.000712	  0.855413	  0.071937	
  0.784188	  0.143162	  0.000712	  0.071937	
  0.143162	  0.000712	  0.000712	  0.855413	
  0.997863	  0.000712	  0.000712	  0.000712	
  0.000712	  0.855413	  0.000712	  0.143162	
  0.997508	  0.000831	  0.000831	  0.000831	

MOTIF DMRTA2__pTH9198 

letter-probability matrix: alength= 4 w= 10 nsites= 1 E= 0
  0.238623	  0.222491	  0.193424	  0.345463	
  0.242224	  0.235066	  0.192455	  0.330255	
  0.221980	  0.137357	  0.451505	  0.189159	
  0.378157	  0.224822	  0.108344	  0.288677	
  0.315847	  0.168218	  0.098029	  0.417907	
  0.653232	  0.107979	  0.106904	  0.131885	
  0.201355	  0.558398	  0.078655	  0.161592	
  0.486692	  0.091618	  0.143686	  0.278003	
  0.288742	  0.150737	  0.182278	  0.378242	
  0.276193	  0.148576	  0.183295	  0.391936	

MOTIF DMRT2__pTH9189 

letter-probability matrix: alength= 4 w= 10 nsites= 1 E= 0
  0.202130	  0.202130	  0.202130	  0.393611	
  0.427268	  0.097864	  0.195482	  0.279387	
  0.907895	  0.000155	  0.000155	  0.091796	
  0.090805	  0.000155	  0.000155	  0.908886	
  0.999536	  0.000155	  0.000155	  0.000155	
  0.381045	  0.489012	  0.000155	  0.129788	
  0.999536	  0.000155	  0.000155	  0.000155	
  0.000155	  0.000155	  0.000155	  0.999536	
  0.138675	  0.048025	  0.048025	  0.765274	
  0.449154	  0.246263	  0.152291	  0.152291	

MOTIF E2F2__pTH9195 

letter-probability matrix: alength= 4 w= 10 nsites= 1 E= 0
  0.346799	  0.103604	  0.138644	  0.410953	
  0.208432	  0.132990	  0.306205	  0.352373	
  0.092351	  0.261348	  0.544970	  0.101331	
  0.000117	  0.106319	  0.788942	  0.104622	
  0.000010	  0.892457	  0.000013	  0.107521	
  0.000000	  0.000007	  0.475893	  0.524100	
  0.000000	  0.881128	  0.118742	  0.000131	
  0.101331	  0.544970	  0.261348	  0.092351	
  0.352373	  0.306205	  0.132990	  0.208432	
  0.410953	  0.138644	  0.103604	  0.346799	

MOTIF KIAA0415__pTH6734 

letter-probability matrix: alength= 4 w= 8 nsites= 1 E= 0
  0.416389	  0.000416	  0.541181	  0.042013	
  0.028824	  0.000285	  0.000285	  0.970605	
  0.827911	  0.171518	  0.000285	  0.000285	
  0.942066	  0.000285	  0.000285	  0.057363	
  0.999144	  0.000285	  0.000285	  0.000285	
  0.057363	  0.913527	  0.000285	  0.028824	
  0.999144	  0.000285	  0.000285	  0.000285	
  0.434462	  0.217448	  0.130642	  0.217448	

MOTIF FOXP4__pTH5656 

letter-probability matrix: alength= 4 w= 8 nsites= 1 E= 0
  0.294014	  0.000587	  0.704812	  0.000587	
  0.048004	  0.000475	  0.000475	  0.951046	
  0.903517	  0.095532	  0.000475	  0.000475	
  0.951046	  0.000475	  0.000475	  0.048004	
  0.998574	  0.000475	  0.000475	  0.000475	
  0.000475	  0.903517	  0.000475	  0.095532	
  0.998574	  0.000475	  0.000475	  0.000475	
  0.690951	  0.077454	  0.077454	  0.154141	

MOTIF KIAA0415__pTH6108 

letter-probability matrix: alength= 4 w= 10 nsites= 1 E= 0
  0.364427	  0.172143	  0.259388	  0.204042	
  0.192073	  0.241743	  0.201921	  0.364263	
  0.281319	  0.128958	  0.507496	  0.082227	
  0.241794	  0.114216	  0.116523	  0.527467	
  0.557937	  0.300139	  0.050615	  0.091309	
  0.662656	  0.166710	  0.045890	  0.124743	
  0.823562	  0.052649	  0.065604	  0.058186	
  0.058280	  0.682155	  0.018454	  0.241111	
  0.764554	  0.054017	  0.078988	  0.102442	
  0.403726	  0.208666	  0.159291	  0.228317	

MOTIF KIAA0415__pTH5501 

letter-probability matrix: alength= 4 w= 8 nsites= 1 E= 0
  0.374378	  0.001244	  0.623134	  0.001244	
  0.001106	  0.001106	  0.001106	  0.996681	
  0.996681	  0.001106	  0.001106	  0.001106	
  0.996681	  0.001106	  0.001106	  0.001106	
  0.996681	  0.001106	  0.001106	  0.001106	
  0.001106	  0.996681	  0.001106	  0.001106	
  0.996681	  0.001106	  0.001106	  0.001106	
  0.498344	  0.167219	  0.001656	  0.332781	

MOTIF KIAA0415__pTH3043 

letter-probability matrix: alength= 4 w= 9 nsites= 1 E= 0
  0.337606	  0.151696	  0.424910	  0.085788	
  0.214462	  0.151129	  0.074301	  0.560108	
  0.593218	  0.291652	  0.036436	  0.078694	
  0.697590	  0.152571	  0.033369	  0.116470	
  0.810620	  0.060208	  0.065878	  0.063295	
  0.020715	  0.679160	  0.040079	  0.260046	
  0.798255	  0.049523	  0.065525	  0.086698	
  0.354392	  0.210693	  0.192559	  0.242355	
  0.307967	  0.221405	  0.177681	  0.292947	

MOTIF KIAA0415__pTH6638 

letter-probability matrix: alength= 4 w= 8 nsites= 1 E= 0
  0.461214	  0.000384	  0.538018	  0.000384	
  0.050200	  0.025225	  0.000250	  0.924326	
  0.794959	  0.204587	  0.000227	  0.000227	
  0.977131	  0.000222	  0.000222	  0.022425	
  0.999334	  0.000222	  0.000222	  0.000222	
  0.000227	  0.953906	  0.000227	  0.045640	
  0.999319	  0.000227	  0.000227	  0.000227	
  0.593321	  0.125156	  0.125156	  0.156367	

MOTIF KIAA0415__pTH2846 

letter-probability matrix: alength= 4 w= 10 nsites= 1 E= 0
  0.304424	  0.223279	  0.262020	  0.210276	
  0.213777	  0.233909	  0.245902	  0.306412	
  0.293934	  0.159709	  0.385043	  0.161314	
  0.246234	  0.175262	  0.129837	  0.448667	
  0.528194	  0.286995	  0.062145	  0.122666	
  0.598965	  0.187767	  0.067034	  0.146233	
  0.718961	  0.066540	  0.146615	  0.067884	
  0.033458	  0.590092	  0.077500	  0.298951	
  0.671272	  0.049858	  0.121410	  0.157460	
  0.326891	  0.210530	  0.210530	  0.252050	

MOTIF FOXP4__pTH1288 

letter-probability matrix: alength= 4 w= 8 nsites= 1 E= 0
  0.314286	  0.057143	  0.600000	  0.028571	
  0.116279	  0.046512	  0.023256	  0.813953	
  0.790698	  0.162791	  0.023256	  0.023256	
  0.860465	  0.046512	  0.023256	  0.069767	
  0.930233	  0.023256	  0.023256	  0.023256	
  0.023256	  0.790698	  0.023256	  0.162791	
  0.928571	  0.023810	  0.023810	  0.023810	
  0.551724	  0.103448	  0.137931	  0.206897	

MOTIF KIAA0415__Foxj3_0982 

letter-probability matrix: alength= 4 w= 10 nsites= 1 E= 0
  0.272342	  0.213287	  0.238265	  0.276106	
  0.383328	  0.071216	  0.521888	  0.023568	
  0.117428	  0.105265	  0.021002	  0.756305	
  0.834939	  0.152266	  0.000007	  0.012788	
  0.908292	  0.059096	  0.002967	  0.029645	
  0.977393	  0.014489	  0.001628	  0.006490	
  0.001282	  0.843632	  0.000001	  0.155085	
  0.965165	  0.012083	  0.006831	  0.015922	
  0.479654	  0.164189	  0.114694	  0.241463	
  0.417043	  0.185221	  0.142285	  0.255451	

MOTIF KIAA0415__pTH6591 

letter-probability matrix: alength= 4 w= 9 nsites= 1 E= 0
  0.285936	  0.209719	  0.382132	  0.122213	
  0.259231	  0.180859	  0.145143	  0.414767	
  0.482799	  0.289919	  0.074411	  0.152872	
  0.584225	  0.181324	  0.065385	  0.169066	
  0.800779	  0.028377	  0.101047	  0.069797	
  0.006674	  0.733801	  0.002741	  0.256785	
  0.711264	  0.065173	  0.101194	  0.122369	
  0.343115	  0.208109	  0.218779	  0.229997	
  0.298983	  0.230531	  0.194491	  0.275996	

MOTIF KIAA0415__Foxj1_3125 

letter-probability matrix: alength= 4 w= 12 nsites= 1 E= 0
  0.394926	  0.201691	  0.201691	  0.201691	
  0.357836	  0.147163	  0.347838	  0.147163	
  0.159006	  0.172368	  0.068783	  0.599842	
  0.841382	  0.113021	  0.022798	  0.022798	
  0.999531	  0.000156	  0.000156	  0.000156	
  0.999531	  0.000156	  0.000156	  0.000156	
  0.000156	  0.999531	  0.000156	  0.000156	
  0.999531	  0.000156	  0.000156	  0.000156	
  0.854605	  0.048465	  0.048465	  0.048465	
  0.691020	  0.102993	  0.102993	  0.102993	
  0.181373	  0.360053	  0.181373	  0.277201	
  0.317926	  0.227358	  0.227358	  0.227358	

MOTIF FOXB2__Foxa2_2830 

letter-probability matrix: alength= 4 w= 8 nsites= 1 E= 0
  0.160144	  0.000399	  0.839058	  0.000399	
  0.000322	  0.032539	  0.000322	  0.966817	
  0.878027	  0.121368	  0.000303	  0.000303	
  0.968826	  0.030569	  0.000303	  0.000303	
  0.999092	  0.000303	  0.000303	  0.000303	
  0.000303	  0.635896	  0.000303	  0.363499	
  0.999092	  0.000303	  0.000303	  0.000303	
  0.630777	  0.105567	  0.105567	  0.158088	

MOTIF FOXB2__pTH3796 

letter-probability matrix: alength= 4 w= 10 nsites= 1 E= 0
  0.359371	  0.149061	  0.090410	  0.401158	
  0.421728	  0.136232	  0.263581	  0.178459	
  0.287711	  0.194796	  0.208921	  0.308572	
  0.387293	  0.104499	  0.432326	  0.075882	
  0.213252	  0.166081	  0.058118	  0.562548	
  0.555669	  0.284341	  0.048919	  0.111071	
  0.768444	  0.096967	  0.051130	  0.083460	
  0.771861	  0.058487	  0.089910	  0.079743	
  0.062825	  0.561351	  0.051953	  0.323871	
  0.748482	  0.072099	  0.068583	  0.110835	

MOTIF KIAA0415__pTH2673 

letter-probability matrix: alength= 4 w= 10 nsites= 1 E= 0
  0.351977	  0.145994	  0.093090	  0.408939	
  0.430155	  0.146079	  0.255736	  0.168030	
  0.278189	  0.199996	  0.208158	  0.313657	
  0.359617	  0.095110	  0.461757	  0.083516	
  0.198979	  0.180044	  0.080094	  0.540882	
  0.531072	  0.271754	  0.087786	  0.109388	
  0.713788	  0.108917	  0.076752	  0.100543	
  0.717547	  0.081113	  0.105197	  0.096143	
  0.093915	  0.556901	  0.052583	  0.296601	
  0.697500	  0.074255	  0.098249	  0.129996	

MOTIF KIAA0415__Foxk1_2323 

letter-probability matrix: alength= 4 w= 8 nsites= 1 E= 0
  0.309467	  0.142959	  0.547336	  0.000238	
  0.295052	  0.000164	  0.000164	  0.704620	
  0.619510	  0.295749	  0.000141	  0.084600	
  0.888534	  0.069545	  0.000139	  0.041782	
  0.999584	  0.000139	  0.000139	  0.000139	
  0.000139	  0.957940	  0.000139	  0.041782	
  0.999572	  0.000143	  0.000143	  0.000143	
  0.660068	  0.132164	  0.056750	  0.151018	

MOTIF FOXB2__pTH2808 

letter-probability matrix: alength= 4 w= 10 nsites= 1 E= 0
  0.329842	  0.082156	  0.060257	  0.527746	
  0.520070	  0.108198	  0.255689	  0.116043	
  0.283345	  0.081996	  0.128595	  0.506065	
  0.209230	  0.033229	  0.701648	  0.055893	
  0.071321	  0.155585	  0.032694	  0.740400	
  0.638753	  0.232646	  0.070072	  0.058529	
  0.729556	  0.133278	  0.066184	  0.070983	
  0.865457	  0.036352	  0.043959	  0.054231	
  0.059316	  0.519509	  0.058726	  0.362449	
  0.777489	  0.053307	  0.067092	  0.102112	

MOTIF KIAA0415__pTH6729 

letter-probability matrix: alength= 4 w= 8 nsites= 1 E= 0
  0.352700	  0.000587	  0.646127	  0.000587	
  0.000384	  0.000384	  0.000384	  0.998848	
  0.922043	  0.077189	  0.000384	  0.000384	
  0.998848	  0.000384	  0.000384	  0.000384	
  0.998848	  0.000384	  0.000384	  0.000384	
  0.000384	  0.922043	  0.000384	  0.077189	
  0.998848	  0.000384	  0.000384	  0.000384	
  0.499446	  0.222284	  0.055987	  0.222284	

MOTIF FOXB2__pTH6549 

letter-probability matrix: alength= 4 w= 10 nsites= 1 E= 0
  0.148384	  0.253629	  0.148384	  0.449602	
  0.343159	  0.027768	  0.517643	  0.111431	
  0.083876	  0.000213	  0.000213	  0.915697	
  0.999360	  0.000213	  0.000213	  0.000213	
  0.915697	  0.000213	  0.000213	  0.083876	
  0.999360	  0.000213	  0.000213	  0.000213	
  0.000213	  0.912223	  0.000213	  0.087351	
  0.999360	  0.000213	  0.000213	  0.000213	
  0.437060	  0.186478	  0.185492	  0.190970	
  0.332663	  0.222446	  0.222446	  0.222446	

MOTIF KIAA0415__pTH9655 

letter-probability matrix: alength= 4 w= 12 nsites= 1 E= 0
  0.325852	  0.224716	  0.224716	  0.224716	
  0.224716	  0.224716	  0.224716	  0.325852	
  0.320320	  0.126731	  0.230111	  0.322838	
  0.150068	  0.054508	  0.740916	  0.054508	
  0.110630	  0.000255	  0.000255	  0.888861	
  0.802598	  0.101332	  0.000255	  0.095815	
  0.999235	  0.000255	  0.000255	  0.000255	
  0.898099	  0.000255	  0.000255	  0.101392	
  0.025539	  0.521340	  0.025539	  0.427581	
  0.923383	  0.025539	  0.025539	  0.025539	
  0.438479	  0.218912	  0.123524	  0.219085	
  0.412759	  0.195747	  0.195747	  0.195747	

MOTIF KIAA0415__pTH8896 

letter-probability matrix: alength= 4 w= 8 nsites= 1 E= 0
  0.570513	  0.071937	  0.356838	  0.000712	
  0.059272	  0.000587	  0.000587	  0.939554	
  0.939554	  0.059272	  0.000587	  0.000587	
  0.998239	  0.000587	  0.000587	  0.000587	
  0.998239	  0.000587	  0.000587	  0.000587	
  0.000587	  0.880869	  0.000587	  0.117958	
  0.998239	  0.000587	  0.000587	  0.000587	
  0.499004	  0.200199	  0.000996	  0.299801	

MOTIF KIAA0415__pTH3802 

letter-probability matrix: alength= 4 w= 12 nsites= 1 E= 0
  0.324414	  0.225195	  0.225195	  0.225195	
  0.394452	  0.201849	  0.201849	  0.201849	
  0.122778	  0.122778	  0.225799	  0.528646	
  0.432796	  0.048048	  0.471109	  0.048048	
  0.093391	  0.090381	  0.000221	  0.816007	
  0.897353	  0.102206	  0.000221	  0.000221	
  0.999338	  0.000221	  0.000221	  0.000221	
  0.999338	  0.000221	  0.000221	  0.000221	
  0.025025	  0.831754	  0.025025	  0.118195	
  0.854887	  0.048371	  0.048371	  0.048371	
  0.318752	  0.233808	  0.127443	  0.319997	
  0.393482	  0.202173	  0.202173	  0.202173	

MOTIF KIAA0415__Foxl1_2809 

letter-probability matrix: alength= 4 w= 10 nsites= 1 E= 0
  0.366283	  0.166235	  0.164581	  0.302901	
  0.345139	  0.171391	  0.195185	  0.288285	
  0.267836	  0.181340	  0.196443	  0.354381	
  0.346821	  0.108724	  0.419393	  0.125062	
  0.146969	  0.100507	  0.031824	  0.720700	
  0.700016	  0.254959	  0.000720	  0.044305	
  0.906192	  0.053477	  0.000316	  0.040015	
  0.934400	  0.000771	  0.023568	  0.041260	
  0.033048	  0.600627	  0.033381	  0.332944	
  0.853101	  0.047889	  0.045553	  0.053457	

MOTIF KIAA0415__FKH2_4517 

